   0.00000    0.00000    0.00000    0.00000
   0.25664    1.00000    0.11102    0.33613
   0.23090    0.61800    0.38154    0.37883
   0.14587    0.00000    0.08694    0.07018
   0.00006    0.23603    0.00000    0.00000
   0.99993    0.00000    0.00000    0.00000
   0.61798    0.00000    0.30773    0.00000
   0.00000    0.38048    0.00000    0.00000
   0.01423    0.09012    0.00000    0.00000
   0.00812    0.00000    0.00000    0.00000
   0.61799    0.00000    0.34570    0.17030
   0.35696    0.38192    0.19541    0.19524
   0.23551    0.16383    0.00000    0.00000
   0.14585    0.06483    0.00000    0.06824
   0.08996    0.00000    0.00000    0.00000
   0.00000    0.14586    0.00000    0.00000
   0.23603    0.00000    0.04430    0.04143
   0.14587    0.00000    0.07707    0.06898
   0.07380    0.09014    0.00021    0.00000
   0.05551    0.00000    0.00000    0.00000
   0.23598    0.08981    0.00000    0.03832
   0.14587    0.06229    0.00000    0.00000
   0.06310    0.09007    0.03212    0.00000
   0.05571    0.03874    0.00000    0.00000
   0.03443    0.00000    0.00000    0.00706
   0.38183    0.37101    0.59781    1.00000
   0.00000    0.00000    0.00000    0.00000
   0.38192    1.00000    0.61795    0.38183
   0.16452    0.61800    0.37771    0.08368
   0.05739    0.38192    0.21447    0.03187
   0.61791    0.00000    0.00000    0.00000
   0.99927    0.38130    0.30282    0.26727
   0.61800    0.56627    0.36801    0.10597
   0.14587    0.00000    0.00000    0.00615
   0.00000    0.23143    0.00000    0.00000
   0.38183    0.00000    0.00000    0.00000
   0.61800    0.18015    0.37677    0.23243
   0.38192    0.13100    0.15528    0.00000
   0.23603    0.09067    0.09039    0.04641
   0.14586    0.00000    0.00258    0.00000
   0.23603    0.00000    0.00000    0.00000
   0.38192    0.14541    0.23413    0.00000
   0.23596    0.16522    0.04612    0.06297
   0.14587    0.11809    0.05671    0.00000
   0.07859    0.00000    0.00000    0.02102
   0.14587    0.00000    0.00000    0.04617
   0.23602    0.05614    0.00000    0.00000
   0.12355    0.14587    0.07729    0.00654
   0.09015    0.03014    0.05569    0.02347
   0.05231    0.05566    0.00729    0.00000
   0.23563    0.23601    0.38175    0.61800
   0.38167    0.38175    0.61800    1.00000
   0.00000    0.00000    0.00000    0.00000
   0.38129    1.00000    0.61788    0.38189
   0.22773    0.61800    0.36886    0.23055
   0.38099    0.00000    0.00000    0.00000
   0.61800    0.21202    0.34752    0.23250
   0.99927    0.00000    0.39367    0.34652
   0.20350    0.61793    0.26400    0.00000
   0.09079    0.38192    0.10087    0.00000
   0.01315    0.00000    0.00000    0.16508
   0.38192    0.10059    0.22658    0.35471
   0.61800    0.13465    0.36133    0.18218
   0.00000    0.38192    0.00000    0.10151
   0.23593    0.00000    0.00000    0.05359
   0.14582    0.00000    0.03411    0.00000
   0.23136    0.05873    0.11634    0.23603
   0.38192    0.10421    0.19527    0.00000
   0.23603    0.18043    0.11503    0.06449
   0.14586    0.00000    0.00000    0.00000
   0.09014    0.00000    0.03231    0.00000
   0.14565    0.02885    0.07267    0.01078
   0.23603    0.08156    0.14476    0.08518
   0.00000    0.00000    0.00000    0.05571
   0.09015    0.05840    0.05402    0.03001
   0.13741    0.11407    0.05667    0.38192
   0.23395    0.22568    0.37905    0.61800
   0.38189    0.00000    0.11495    0.00000
   0.00000    0.00000    0.00000    0.00000
   0.38174    1.00000    0.61800    0.38181
   0.19167    0.02221    0.00000    0.00000
   0.23318    0.00000    0.00000    0.38192
   0.61797    0.00000    0.26683    0.00000
   1.00000    0.13100    0.51177    0.06847
   0.55070    0.61800    0.34175    0.07367
   0.02128    0.00000    0.00000    0.00414
   0.08030    0.03514    0.06540    0.23602
   0.38187    0.00000    0.00000    0.13100
   0.61800    0.07367    0.27248    0.21478
   0.38099    0.00000    0.00000    0.00000
   0.09015    0.00000    0.03900    0.06231
   0.08292    0.04225    0.01916    0.14586
   0.23603    0.05210    0.05099    0.07367
   0.38192    0.04209    0.00000    0.13307
   0.23404    0.00000    0.00000    0.00000
   0.05571    0.00000    0.00000    0.00000
   0.09015    0.02277    0.03721    0.06629
   0.13141    0.04568    0.08791    0.14587
   0.23602    0.03584    0.00000    0.00000
   0.14587    0.04143    0.06651    0.05041
   0.01061    0.12484    0.13303    0.23603
   0.11075    0.00000    0.00000    0.38183
   0.03434    0.00000    0.00000    0.00000
   0.38136    0.61122    0.55888    1.00000
   0.00000    0.00000    0.00000    0.00000
   0.05559    0.00000    0.00054    0.00000
   0.23602    0.00000    0.00000    0.16479
   0.37958    0.00000    0.00000    0.26683
   0.61800    0.33243    0.17030    0.39367
   1.00000    0.39367    0.55856    0.00000
   0.03443    0.01340    0.00234    0.01113
   0.04364    0.00000    0.00000    0.14408
   0.23602    0.00000    0.00000    0.07877
   0.17030    0.00000    0.00000    0.38192
   0.61800    0.00000    0.22139    0.00000
   0.04209    0.00000    0.02192    0.05570
   0.09014    0.03720    0.00000    0.00000
   0.14566    0.00000    0.05429    0.03187
   0.23603    0.00000    0.00000    0.09730
   0.38183    0.00000    0.00000    0.00000
   0.03441    0.00000    0.00567    0.00000
   0.04698    0.00000    0.02092    0.05564
   0.04423    0.05081    0.03281    0.09015
   0.14586    0.03584    0.00000    0.00000
   0.23590    0.00000    0.00000    0.04555
   0.38192    0.38184    1.00000    0.61711
   0.14174    0.61800    0.52239    0.38000
   0.14579    0.36960    0.38192    0.22947
   0.06743    0.23603    0.08710    0.12398
   0.00012    0.00000    0.14586    0.00000
   0.00000    0.00000    0.00000    0.00000
   0.00000    1.00000    0.26732    0.00000
   0.23601    0.00000    0.00000    0.00000
   0.05107    0.14586    0.00000    0.00000
   0.01315    0.00000    0.00000    0.00000
   1.00000    0.37619    0.17030    0.60937
   0.61800    0.60599    0.22781    0.35811
   0.22139    0.38192    0.00000    0.13976
   0.23603    0.20599    0.00000    0.06046
   0.14587    0.10390    0.00000    0.00436
   0.61800    0.14899    0.05744    0.29636
   0.37855    0.38192    0.08459    0.14639
   0.23603    0.08178    0.04363    0.06304
   0.14587    0.00112    0.00000    0.00077
   0.09015    0.00000    0.00000    0.00000
   0.38192    0.14162    0.03862    0.21424
   0.21791    0.23603    0.07410    0.13273
   0.14587    0.11130    0.00000    0.08175
   0.09015    0.08364    0.02414    0.03118
   0.05571    0.02386    0.00000    0.02678
   0.23488    0.22917    0.61153    0.61800
   0.38192    0.38192    1.00000    0.38190
   0.23485    0.51177    0.61800    0.16522
   0.14515    0.38192    0.37490    0.13356
   0.01125    0.11745    0.23601    0.00000
   0.37870    0.37276    0.35366    1.00000
   0.00000    0.00000    0.00000    0.00000
   0.37891    1.00000    0.38075    0.10177
   0.23603    0.00000    0.00000    0.05580
   0.14586    0.00000    0.00000    0.00355
   0.16349    0.00000    0.00000    0.61800
   1.00000    0.38130    0.38188    0.38178
   0.61800    0.59718    0.20221    0.17201
   0.38192    0.36288    0.11847    0.09762
   0.03233    0.23603    0.03809    0.00000
   0.38192    0.13983    0.00000    0.37347
   0.61800    0.23481    0.23573    0.23569
   0.00000    0.38192    0.00000    0.14584
   0.23528    0.23603    0.00000    0.03803
   0.00000    0.14585    0.01727    0.01889
   0.22931    0.08628    0.08622    0.23603
   0.38192    0.13644    0.13403    0.14169
   0.23603    0.18197    0.02098    0.08694
   0.14587    0.09164    0.00000    0.05186
   0.07666    0.09015    0.02460    0.02990
   0.09231    0.10211    0.38192    0.17030
   0.23603    0.23602    0.61800    0.61800
   0.37922    0.34721    1.00000    0.38171
   0.23603    0.61798    0.61800    0.23598
   0.03187    0.00000    0.38192    0.00000
   0.07877    0.04142    0.00000    0.61800
   0.38186    0.38188    0.38163    1.00000
   0.00000    0.00000    0.00000    0.00000
   0.37554    0.99978    0.00000    0.00000
   0.23582    0.60130    0.16512    0.06447
   0.00000    0.02128    0.00284    0.00000
   0.51994    0.22700    0.23545    0.61800
   1.00000    0.37675    0.36536    0.20960
   0.61800    0.42910    0.00000    0.14987
   0.38192    0.00000    0.13726    0.13639
   0.23252    0.06310    0.03411    0.23603
   0.38192    0.13619    0.12033    0.36493
   0.61800    0.23124    0.20261    0.00000
   0.37965    0.38192    0.14089    0.14298
   0.23603    0.20524    0.06628    0.03992
   0.14587    0.05211    0.03685    0.13231
   0.23278    0.06375    0.07760    0.23603
   0.38192    0.14423    0.14582    0.13394
   0.23603    0.13777    0.02351    0.08681
   0.14587    0.13740    0.05560    0.05569
   0.01379    0.00000    0.23603    0.16522
   0.14503    0.14177    0.37039    0.38192
   0.21815    0.02965    0.11495    0.61800
   0.29960    0.38032    1.00000    0.37917
   0.22695    0.59159    0.61800    0.21422
   0.14587    0.00338    0.00000    0.38190
   0.22300    0.07367    0.18045    0.61800
   0.36839    0.25716    0.24890    1.00000
   0.00000    0.00000    0.00000    0.00000
   0.30573    1.00000    0.00000    0.06497
   0.00000    0.03443    0.00895    0.00827
   0.30266    0.12856    0.11229    0.38192
   0.61800    0.09577    0.00000    0.58263
   1.00000    0.00000    0.35815    0.32913
   0.61800    0.42910    0.00000    0.16522
   0.00000    0.00000    0.00000    0.14587
   0.23603    0.08255    0.07362    0.17816
   0.38192    0.12428    0.09612    0.35954
   0.61800    0.16463    0.23359    0.23577
   0.38192    0.25912    0.00000    0.02452
   0.09015    0.02063    0.02390    0.05086
   0.14587    0.03673    0.05381    0.14437
   0.23603    0.08300    0.08437    0.18222
   0.38192    0.14272    0.11777    0.12530
   0.22493    0.23603    0.07928    0.08975
   0.00000    0.00000    0.14587    0.10210
   0.08272    0.10482    0.21212    0.23603
   0.05571    0.02242    0.00000    0.00000
   0.21463    0.36324    0.61800    0.58508
   0.14454    0.60710    1.00000    0.38192
   0.00000    0.00000    0.00000    0.22022
   0.05123    0.18729    0.12497    0.38192
   0.00000    0.00000    0.00000    0.61800
   0.00000    0.55070    0.36266    1.00000
   0.00000    0.00000    0.00000    0.00000
   0.05571    0.02573    0.02068    0.01936
   0.01379    0.13169    0.06213    0.23603
   0.38192    0.16442    0.06764    0.35040
   0.51177    0.22139    0.00000    0.61796
   1.00000    0.43228    0.31492    0.24315
   0.09014    0.02797    0.00000    0.00000
   0.08991    0.08709    0.05509    0.14587
   0.19297    0.12172    0.00000    0.23603
   0.38192    0.11787    0.13961    0.24957
   0.61800    0.00000    0.11209    0.16454
   0.00000    0.02063    0.00000    0.05571
   0.09015    0.04861    0.01935    0.04491
   0.14587    0.01916    0.04227    0.07718
   0.15023    0.13835    0.00000    0.23603
   0.38192    0.19395    0.12613    0.14093
   0.23603    0.23050    0.61800    0.38184
   0.10060    0.34635    0.38192    0.22648
   0.07130    0.21945    0.23603    0.10749
   0.04255    0.14587    0.12398    0.06440
   0.00695    0.01302    0.00000    0.00000
   0.38188    0.38192    1.00000    0.61792
   0.00955    0.61800    0.00000    0.26714
   0.12794    0.38192    0.05452    0.20452
   0.09014    0.00000    0.04710    0.00000
   0.02128    0.00000    0.00000    0.00000
   0.00000    0.00000    0.00000    0.00000
   0.38175    1.00000    0.37880    0.61536
   0.17848    0.61800    0.07367    0.31843
   0.13047    0.38192    0.06046    0.18722
   0.04127    0.23603    0.02224    0.09733
   1.00000    0.37872    0.33917    0.61162
   0.60239    0.61800    0.20058    0.37371
   0.36188    0.38192    0.13274    0.14572
   0.23603    0.23517    0.05894    0.05017
   0.00000    0.14587    0.04201    0.01061
   0.61800    0.23602    0.23603    0.38191
   0.37903    0.38192    0.12163    0.23388
   0.22483    0.23603    0.07306    0.13490
   0.14587    0.14541    0.05150    0.08039
   0.08779    0.09015    0.03172    0.05540
   0.14501    0.14115    0.38192    0.17030
   0.23575    0.22781    0.61800    0.23549
   0.14061    0.00000    0.38192    0.02452
   0.09013    0.23603    0.23358    0.08799
   0.02128    0.00000    0.00000    0.00000
   0.23578    0.07877    0.54720    0.61800
   0.38010    0.37653    1.00000    0.38001
   0.22877    0.61542    0.61800    0.23266
   0.14064    0.38192    0.09923    0.05234
   0.03096    0.23603    0.00000    0.00000
   0.38192    0.04143    0.34288    0.00000
   0.00000    0.00000    0.00000    0.00000
   0.38150    1.00000    0.38159    0.38127
   0.22799    0.61800    0.21905    0.21930
   0.13927    0.38192    0.00000    0.00000
   0.61299    0.23527    0.23261    0.61800
   1.00000    0.38044    0.38192    0.38192
   0.61800    0.58613    0.08554    0.23597
   0.38192    0.30036    0.13516    0.12808
   0.00000    0.23603    0.03992    0.08843
   0.38084    0.14579    0.13899    0.38192
   0.61800    0.21374    0.23375    0.23597
   0.38187    0.38192    0.14184    0.14328
   0.23603    0.23504    0.08761    0.08777
   0.14490    0.14587    0.05564    0.05424
   0.08754    0.02839    0.16344    0.23603
   0.14584    0.14582    0.38192    0.38181
   0.21974    0.23214    0.61800    0.12910
   0.14546    0.38141    0.38192    0.14583
   0.02651    0.23603    0.00000    0.00920
   0.13274    0.10211    0.26723    0.38192
   0.23466    0.21334    0.61800    0.61516
   0.38171    0.38029    1.00000    0.35044
   0.23579    0.61800    0.48811    0.22965
   0.05403    0.38192    0.04998    0.11420
   0.14948    0.00000    0.00947    0.23603
   0.37879    0.37867    0.37938    1.00000
   0.00000    0.00000    0.00000    0.00000
   0.38192    1.00000    0.38147    0.38141
   0.23505    0.61800    0.23559    0.21460
   0.38192    0.00000    0.14453    0.37155
   0.61781    0.23603    0.22837    0.61800
   1.00000    0.38127    0.37499    0.38181
   0.02206    0.61800    0.21469    0.18900
   0.38192    0.38090    0.14575    0.14362
   0.23579    0.08939    0.08824    0.23603
   0.38192    0.12345    0.10867    0.36427
   0.61800    0.23597    0.23595    0.23603
   0.38192    0.38096    0.08906    0.13857
   0.23603    0.23569    0.09011    0.09014
   0.05366    0.00251    0.14586    0.12902
   0.08932    0.07535    0.23074    0.23603
   0.00000    0.02829    0.38192    0.00000
   0.17359    0.23319    0.61800    0.23507
   0.10211    0.14424    0.38192    0.14525
   0.09011    0.01672    0.00000    0.23603
   0.13636    0.14300    0.32704    0.38192
   0.20281    0.21594    0.60062    0.61800
   0.38192    0.38114    1.00000    0.38139
   0.00000    0.61800    0.55070    0.21018
   0.14587    0.02924    0.02059    0.09930
   0.21361    0.22902    0.23575    0.61800
   0.38183    0.38139    0.38176    1.00000
   0.00000    0.00000    0.00000    0.00000
   0.37134    1.00000    0.34320    0.36073
   0.02429    0.00000    0.00000    0.23603
   0.38115    0.13872    0.14526    0.38192
   0.61713    0.20941    0.23205    0.61800
   1.00000    0.38190    0.38065    0.38100
   0.61800    0.58944    0.00000    0.23071
   0.14414    0.05250    0.05510    0.14587
   0.23603    0.08233    0.08927    0.23350
   0.37033    0.14478    0.14179    0.38192
   0.61800    0.22056    0.23407    0.23362
   0.38192    0.37851    0.14537    0.14503
   0.02868    0.03774    0.09014    0.05581
   0.03122    0.05766    0.14587    0.12510
   0.09015    0.03808    0.01264    0.00000
   0.04879    0.19526    0.35263    0.38192
   0.08949    0.26046    0.61800    0.18222
   0.05556    0.00000    0.00000    0.00000
   0.07888    0.10211    0.16513    0.23603
   0.03494    0.18695    0.00000    0.38192
   0.19514    0.33025    0.61800    0.52345
   0.38191    0.61784    1.00000    0.37153
   0.09015    0.03900    0.03293    0.08251
   0.11889    0.00000    0.11453    0.38192
   0.18175    0.37798    0.18504    0.61800
   0.36951    0.33155    0.00000    0.99999
   0.00000    0.00000    0.00000    0.00000
   0.14587    0.08808    0.02507    0.01051
   0.04787    0.10154    0.07968    0.23603
   0.08012    0.16179    0.05835    0.38191
   0.61800    0.38087    0.22622    0.61299
   1.00000    0.39367    0.13100    0.13100
   0.04237    0.03545    0.00000    0.09015
   0.13395    0.08793    0.04915    0.14587
   0.23603    0.13039    0.05431    0.18646
   0.26734    0.16072    0.13987    0.38190
   0.61800    0.36983    0.23270    0.23587
   0.14516    0.14561    0.38192    0.23476
   0.00000    0.23603    0.00000    0.14183
   0.04617    0.08785    0.14587    0.05260
   0.01492    0.06791    0.09013    0.01008
   0.02128    0.00000    0.00233    0.01126
   0.23603    0.23601    0.61800    0.38192
   0.03485    0.38184    0.00000    0.00000
   0.00000    0.19040    0.23600    0.00000
   0.04695    0.14587    0.00000    0.08886
   0.00000    0.03443    0.00920    0.00000
   0.38192    0.38156    1.00000    0.61800
   0.20662    0.20991    0.61800    0.37021
   0.00000    0.38192    0.17030    0.00000
   0.00000    0.01379    0.23602    0.12961
   0.01796    0.14587    0.00954    0.03739
   0.00000    0.00000    0.00000    0.00000
   0.37649    1.00000    0.27248    0.61587
   0.22905    0.61800    0.00000    0.36165
   0.14439    0.38192    0.14535    0.23583
   0.05389    0.23603    0.01061    0.06850
   1.00000    0.38192    0.38192    0.61800
   0.61800    0.61298    0.21076    0.37860
   0.11516    0.38192    0.13274    0.13243
   0.23603    0.23539    0.08821    0.14586
   0.14587    0.11387    0.05221    0.07838
   0.08874    0.05855    0.23508    0.23603
   0.09214    0.14294    0.38192    0.14586
   0.01061    0.21271    0.23603    0.07792
   0.02296    0.12638    0.14587    0.04485
   0.03443    0.00000    0.00052    0.01081
   0.14568    0.14256    0.38163    0.38192
   0.00000    0.23596    0.61800    0.01508
   0.00000    0.34605    0.38192    0.11848
   0.08702    0.21460    0.23603    0.06829
   0.05571    0.03849    0.00948    0.00000
   0.23593    0.23546    0.23579    0.61800
   0.09280    0.00000    0.00000    0.38192
   0.06629    0.42910    0.61800    0.07367
   0.00000    0.38192    0.23672    0.07002
   0.08406    0.23603    0.21775    0.05040
   0.38183    0.38169    0.38150    1.00000
   0.00000    0.00000    0.00000    0.00000
   0.38176    1.00000    0.37851    0.36284
   0.05391    0.61800    0.23603    0.23557
   0.04879    0.38192    0.10211    0.13828
   0.61689    0.23539    0.23424    0.61800
   1.00000    0.34755    0.38178    0.38137
   0.22891    0.61800    0.21093    0.17232
   0.38192    0.38187    0.14583    0.14578
   0.22243    0.23603    0.08947    0.08714
   0.05064    0.05290    0.10210    0.14587
   0.00000    0.07664    0.23603    0.21479
   0.13634    0.13185    0.38192    0.12107
   0.04135    0.23263    0.23603    0.04201
   0.05228    0.14587    0.13925    0.01608
   0.08838    0.08873    0.16522    0.23603
   0.14544    0.14113    0.38192    0.37791
   0.00000    0.23465    0.61800    0.22745
   0.14514    0.38192    0.38043    0.10018
   0.09014    0.00000    0.00000    0.00000
   0.14586    0.14193    0.14433    0.38192
   0.00000    0.22580    0.61800    0.11347
   0.00000    0.34433    1.00000    0.33376
   0.18885    0.61303    0.61800    0.23223
   0.13831    0.32872    0.38192    0.13514
   0.23594    0.23500    0.22357    0.61800
   0.18350    0.36427    0.38155    1.00000
   0.00000    0.00000    0.00000    0.00000
   0.38100    1.00000    0.38112    0.38184
   0.23466    0.61800    0.23591    0.21914
   0.38127    0.12684    0.10195    0.38192
   0.61800    0.23594    0.23595    0.61723
   1.00000    0.38192    0.38192    0.38192
   0.61800    0.61782    0.22956    0.23456
   0.38192    0.38192    0.14583    0.14584
   0.00318    0.02570    0.07358    0.09015
   0.04204    0.01932    0.14587    0.13765
   0.00000    0.06310    0.16522    0.23603
   0.04589    0.11370    0.38192    0.11932
   0.04804    0.21370    0.23603    0.08684
   0.05329    0.02928    0.02915    0.14587
   0.06779    0.05489    0.23408    0.23603
   0.08688    0.05590    0.25918    0.38192
   0.23602    0.23602    0.61800    0.23600
   0.13271    0.33614    0.38192    0.04070
   0.08931    0.08893    0.08872    0.23603
   0.00000    0.10754    0.38192    0.36480
   0.20917    0.16344    0.61800    0.47481
   0.26733    0.37866    1.00000    0.38092
   0.22311    0.61800    0.52345    0.09577
   0.13887    0.14228    0.12515    0.38192
   0.00000    0.22351    0.16186    0.61800
   0.36994    0.31836    0.31693    1.00000
   0.00000    0.00000    0.00000    0.00000
   0.37927    1.00000    0.38144    0.37161
   0.23603    0.05713    0.08936    0.21028
   0.38151    0.13882    0.14587    0.38192
   0.61163    0.22889    0.23225    0.61800
   1.00000    0.38079    0.38031    0.31844
   0.61800    0.61800    0.23603    0.23603
   0.00000    0.00000    0.02688    0.05571
   0.02409    0.04449    0.05924    0.09015
   0.00000    0.04222    0.04748    0.14587
   0.00568    0.08179    0.23597    0.12677
   0.05329    0.17859    0.38192    0.01309
   0.01524    0.00000    0.00287    0.09015
   0.02742    0.04187    0.12747    0.14586
   0.00000    0.04856    0.23603    0.16474
   0.10134    0.00000    0.30310    0.38192
   0.23504    0.37989    0.61800    0.23354
   0.04789    0.08913    0.05362    0.14587
   0.00000    0.10200    0.23603    0.21464
   0.08905    0.11986    0.38192    0.31492
   0.22312    0.23318    0.07367    0.61800
   0.38082    0.61729    1.00000    0.38072
   0.05531    0.00000    0.05793    0.23603
   0.10243    0.18556    0.11895    0.38192
   0.16522    0.26735    0.13465    0.61800
   0.28427    0.61794    0.37470    1.00000
   0.00000    0.00000    0.00000    0.00000
   0.09795    0.00000    0.03899    0.14583
   0.00000    0.13250    0.07952    0.23603
   0.21144    0.22834    0.10092    0.38192
   0.00000    0.34741    0.00000    0.61800
   1.00000    0.61437    0.38188    0.38179
   0.00000    0.00000    0.23603    0.10375
   0.06263    0.14587    0.00000    0.05383
   0.00000    0.04255    0.09014    0.01999
   0.01554    0.05570    0.00913    0.01533
   0.00438    0.03443    0.00799    0.00086
   0.23587    0.14531    0.38192    0.22031
   0.02640    0.23546    0.00000    0.00596
   0.00000    0.14584    0.00000    0.00000
   0.04813    0.09014    0.02532    0.02945
   0.00000    0.00000    0.02128    0.00000
   0.38192    0.23595    0.61800    0.38192
   0.00000    0.00000    0.38192    0.14430
   0.00000    0.23599    0.00000    0.00000
   0.00000    0.14579    0.00000    0.00000
   0.00000    0.00000    0.09013    0.01618
   0.48451    0.26735    1.00000    0.54720
   0.32858    0.46623    0.61800    0.33803
   0.00000    0.38192    0.36526    0.20155
   0.09242    0.07266    0.23603    0.02562
   0.02110    0.04143    0.14579    0.00000
   0.00000    0.00000    0.00000    0.00000
   0.58263    1.00000    0.23318    0.55070
   0.08907    0.61799    0.22838    0.04143
   0.23597    0.38192    0.14586    0.23596
   0.02452    0.23603    0.06889    0.14350
   0.08440    0.04903    0.14587    0.12555
   0.09733    0.00000    0.23603    0.06022
   0.00000    0.00596    0.14586    0.00000
   0.02483    0.07501    0.09015    0.01530
   0.00214    0.05571    0.02019    0.01302
   0.14418    0.08996    0.23603    0.23596
   0.07054    0.14587    0.38192    0.02980
   0.00000    0.14787    0.23603    0.06046
   0.06310    0.14587    0.09125    0.05382
   0.05070    0.09015    0.02400    0.00000
   0.23603    0.14522    0.38175    0.38192
   0.00000    0.00000    0.23584    0.00000
   0.17936    0.38192    0.26506    0.00000
   0.00000    0.09067    0.23603    0.05019
   0.08322    0.14582    0.03591    0.00000
   0.38061    0.23396    0.61800    0.61718
   0.15841    0.29560    1.00000    0.28919
   0.37632    0.61800    0.00000    0.22256
   0.00000    0.00000    0.00596    0.14587
   0.02452    0.09481    0.23603    0.00000
   0.56238    0.37787    0.36288    1.00000
   0.00000    0.00000    0.00000    0.00000
   0.21472    1.00000    0.38094    0.30700
   0.38192    0.61800    0.23603    0.23603
   0.23602    0.38192    0.14370    0.14361
   0.00922    0.00000    0.06383    0.09014
   0.00000    0.00000    0.14570    0.00000
   0.05614    0.00000    0.23603    0.01792
   0.04113    0.05750    0.14587    0.02449
   0.04972    0.03295    0.09015    0.00214
   0.08205    0.05345    0.12005    0.14587
   0.13793    0.07865    0.23603    0.07656
   0.19075    0.00000    0.38192    0.00000
   0.14047    0.23603    0.23437    0.08973
   0.07092    0.14587    0.00000    0.04952
   0.13196    0.08771    0.22917    0.23603
   0.11461    0.00000    0.38192    0.00000
   0.00654    0.22023    0.61800    0.20379
   0.21696    0.38191    0.37961    0.03923
   0.12856    0.23603    0.13114    0.07648
   0.22889    0.13547    0.37499    0.38192
   0.10466    0.11174    0.14511    0.61800
   0.60844    0.26188    1.00000    0.37425
   0.00000    0.51177    0.61800    0.00000
   0.20461    0.38192    0.34680    0.11286
   0.38099    0.22341    0.23543    0.61800
   0.61764    0.38191    0.38163    1.00000
   0.00000    0.00000    0.00000    0.00000
   0.61800    1.00000    0.38192    0.38192
   0.38188    0.61800    0.23603    0.23598
   0.00258    0.00000    0.05566    0.00459
   0.03673    0.00486    0.09014    0.00000
   0.00000    0.00000    0.00000    0.14297
   0.12878    0.00437    0.23603    0.03444
   0.02836    0.14557    0.01379    0.01208
   0.00000    0.03072    0.00000    0.09015
   0.04473    0.00000    0.00000    0.14587
   0.00000    0.00000    0.23603    0.15999
   0.23600    0.12274    0.38192    0.13658
   0.14539    0.23603    0.22492    0.06310
   0.00000    0.00000    0.12924    0.14587
   0.00000    0.04706    0.23603    0.00000
   0.12864    0.09808    0.38191    0.33416
   0.34542    0.21902    0.61800    0.17583
   0.23428    0.38192    0.37420    0.13869
   0.10620    0.05244    0.19853    0.23603
   0.08595    0.08638    0.38192    0.06277
   0.26188    0.14318    0.39367    0.61800
   0.48451    0.23318    0.99978    0.26707
   0.36714    0.61800    0.59772    0.00000
   0.23410    0.00000    0.10195    0.38192
   0.24238    0.06007    0.21962    0.61800
   0.56195    0.00000    0.37377    1.00000
   0.00000    0.00000    0.00000    0.00000
   0.61800    1.00000    0.38192    0.38192
   0.00000    0.00000    0.03318    0.00000
   0.02032    0.01620    0.05571    0.00000
   0.00000    0.00000    0.09014    0.00000
   0.00198    0.00652    0.01312    0.14586
   0.04555    0.05406    0.23603    0.02632
   0.01524    0.00000    0.00663    0.05571
   0.03645    0.01935    0.01656    0.09006
   0.00000    0.00000    0.14582    0.00000
   0.00000    0.12308    0.21479    0.23603
   0.23513    0.23406    0.38192    0.14058
   0.00000    0.00000    0.00000    0.09015
   0.00000    0.00000    0.14586    0.00000
   0.03923    0.10486    0.23602    0.01061
   0.00000    0.18664    0.13100    0.38192
   0.38030    0.37972    0.61800    0.23283
   0.00000    0.05910    0.00000    0.14566
   0.06102    0.04834    0.23603    0.08595
   0.00000    0.00000    0.38192    0.00000
   0.26640    0.00000    0.61799    0.39367
   0.61718    0.61131    1.00000    0.37088
   0.12855    0.05960    0.00000    0.23603
   0.08147    0.00000    0.14581    0.02452
   0.21084    0.27817    0.23477    0.61800
   0.00000    0.00000    0.38097    0.00000
   0.00000    0.00000    0.00000    0.00000
